


















































































































































































































伷


























伷





































































































伹



























伷伷









































































































































+







+
















































































c







a































































































































































































































































































































































































































































































































































































































a





















仏
























a





























n

























n
n
















































































































































































































































































































佂





佂











































































































































































































































































































































































































































































































































-

-


-

-

-





































-













































問番号  正答  問番号  正答  問番号  正答  問番号  正答
1
4
51
4
101
2
151
5
2
1
52
5
102
1
152
4
3
3
53
5
103
4
153
3
4
4
54
4
104
4
154
5
5
1
55
3
105
3
155
2
6
2
56
3
106
3
156
5
7
解なし
57
5
107
3
157
2
8
2
58
4
108
4
158
3
9
5
59
1
109
4
159
2
10
4
60
2
110
1
160
2
11
5
61
5
111
2
161
4
12
4
62
2
112
2
162
3
13
3
63
1
113
1
163
2
14
2
64
2
114
3
164
2
15
3
65
5
115
2
165
4
16
2
66
5
116
2
166
3
17
2
67
4
117
4
167
4
18
2
68
4
118
4
168
4
19
3
69
3
119
2
169
5
20
5
70
4
120
4
170
2
21
3
71
3
121
4
171
1
22
5
72
4
122
1
172
3
23
5
73
4
123
5
173
4
24
5
74
1
124
4
174
4
25
5
75
3
125
5
175
2
26
5
76
5
126
4
176
2
27
4
77
4
127
3
177
1
28
5
78
5
128
3
178
2
29
2
79
3
129
2
179
2
30
3
80
2
130
2
180
4
31
1
81
2
131
3
181
4
32
3
82
3
132
5
182
1
33
1
83
2
133
4
183
1
34
5
84
2
134
1
184
3
35
2
85
4
135
4
185
1
36
5
86
1
136
1
186
3
37
5
87
1
137
4
187
2
38
4
88
4
138
4
188
3
39
4
89
3
139
2
189
3
40
1
90
3
140
2
190
1
41
4
91
3
141
5
191
4
42
3
92
2
142
4
192
1
43
4
93
5
143
4
193
2
44
1
94
4
144
2
194
2
45
4
95
4
145
2
195
4
46
5
96
5
146
2
196
2
47
3
97
4
147
4
197
3
48
2
98
2
148
5
198
4
49
5
99
4
149
1
199
2
50
4
100
5
150
4
200
4
第36回管理栄養士国家試験　正答





