




































































































































































































































b


















b

























伷





a

















伷











b
















伹












b



















































































'





b



















































































c





























N


































































b























-

-































l















-

























































































































































































































































































































































































































































































































































































-


-













































































































































































伷









a























































































































































































































































































































































































佂

佂










































































































-




-













































-


























































-

+


























































































































































































































#





















-


-

nn
























n















































































-

-

-


-

-


=

-









































































+


+

































 
１．第３８回管理栄養士国家試験の結果について 
 
 
令和６年３月３日  実 施 
 令和６年３月29日合格発表 
 
１） 合格基準 
  
   配点を１問１点とし、次の合格基準を満たす者を合格とする。 
総合点 １２０点以上／２００点 
 
２） 合格状況 
 
   受験者１６，３２９名 合格者８，０５６名 合格率４９.３％ 
 
   （参考） 年次別受験者数、合格者数、合格率  
  
 
 
 
 
 
 
令和２年 
   （第３４回）   
令和３年 
   （第３５回）   
令和４年 
   （第３６回）   
令和５年 
   （第３７回）   
受験者数 １５，９４３ １６，０１９ １６，４２６ １６，３５１ 
合格者数 ９，８７４ １０，２９２ １０，６９２ ９，２５４ 
合格率 ６１．９％ ６４．２％ ６５．１％ ５６．６％ 
           
３） 学校区分別合格者状況 
          
  
 
 
 
 
 
 
 
受験者数 合格者数 合格率 
管理栄養士養成課程
（新卒） 
９，０８７名 ７，３０９名  ８０．４％  
管理栄養士養成課程 
（既卒) 
１，６４７名 １２８名  ７．８％  
栄養士養成課程 
（既卒） 
５，５９５名 ６１９名  １１．１％  
 

問番号正答問番号正答問番号正答問番号正答
1
5
51
2
101
4
151
3
2
5
52
4
102
1
152
2
3
3
53
2
103
4
153
5
4
4
54
3
104
4
154
4
5
5
55
1
105
3
155
1
6
3
56
3
106
2
156
2
7
2
57
2
107
4
157
2
8
4
58
5
108
2
158
3
9
4
59
3
109
2
159
1
10
4
60
3
110
4
160
3
11
1
61
2
111
3
161
4
12
3
62
5
112
5
162
2
13
3
63
4
113
4
163
5
14
3
64
3
114
4
164
3
15
5
65
5
115
4
165
5
16
4
66
3
116
2
166
2
17
1
67
4
117
3
167
4
18
5
68
2
118
2
168
1
19
2
69
5
119
4
169
4
20
5
70
2
120
5
170
4
21
2
71
1
121
5
171
2
22
1
72
2
122
5
172
4
23
1
73
2
123
4
173
4
24
2
74
2
124
1
174
1
25
4
75
3
125
4
175
3
26
4
76
2
126
5
176
2
27
1
77
4
127
5
177
3
28
3
78
3
128
3
178
4
29
4
79
2
129
3
179
2
30
1
80
3
130
2
180
2
31
2
81
3
131
4
181
4
32
2
82
3
132
5
182
3
33
4
83
4
133
3
183
2
34
1
84
4
134
3
184
2
35
3
85
4
135
1
185
2
36
5
86
2
136
2
186
3
37
3
87
4
137
1
187
3
38
4
88
3
138
2
188
4
39
3
89
3
139
2
189
4
40
3
90
3
140
3
190
3
41
4
91
5
141
5
191
4
42
2
92
3
142
1
192
3
43
3
93
5
143
5
193
4
44
2
94
2
144
2
194
3
45
4
95
4
145
1
195
1
46
5
96
2
146
2
196
3
47
5
97
5
147
1
197
3
48
3
98
5
148
2
198
3
49
5
99
3
149
2
199
2
50
3
100
4
150
2
200
4
２．第３８回管理栄養士国家試験　正答