








































































































































































































c
a
















































仏
















































































伵






























































b





佂
























b




c







c












































































































-































b


























































































































































































































































































































































































































































































































































































































































































































































































































































































































































































-

























































































#


n

















































































































































































#


n













































































































































































































佂



















問番号正答問番号正答問番号正答問番号正答
1
2
51
5
101
3
151
4
2
1
52
4
102
5
152
2
3
5
53
4
103
3
153
4
4
5
54
1
104
2
154
2
5
3
55
2
105
4
155
2
6
4
56
4
106
5
156
4
7
4
57
4
107
2
157
2
8
2
58
4
108
3
158
5
9
5
59
4
109
2
159
3
10
1
60
2
110
2
160
2
11
4
61
2
111
1
161
3
12
3
62
4
112
2
162
3
13
5
63
1
113
2
163
4
14
4
64
3
114
4
164
1
15
3
65
3
115
1
165
5
16
4
66
1
116
5
166
1
17
1
67
5
117
5
167
3
18
2
68
4
118
3
168
2
19
3
69
4
119
5
169
4
20
2
70
4
120
4
170
5
21
2
71
4
121
2
171
3
22
4
72
4
122
5
172
1
23
3
73
2
123
3
173
3
24
4
74
4
124
3
174
2
25
4
75
3
125
1
175
4
26
4
76
2
126
5
176
1
27
5
77
1
127
5
177
3
28
4
78
1
128
2
178
1
29
4
79
3
129
2
179
2
30
1
80
2
130
3
180
1
31
5
81
5
131
2
181
1
32
2
82
5
132
1
182
1
33
4
83
3
133
4
183
4
34
2
84
3
134
2
184
3
35
5
85
3
135
5
185
3
36
5
86
2
136
4
186
4
37
4
87
3
137
4
187
2
38
5
88
2
138
1
188
5
39
5
89
5
139
3
189
2
40
1
90
3
140
3
190
3
41
5
91
4
141
3
191
2
42
5
92
5
142
2
192
2
43
4
93
1
143
2
193
2
44
2
94
2
144
5
194
2
45
2
95
3
145
1
195
3
46
4
96
5
146
3
196
2
47
5
97
1
147
4
197
1
48
2
98
4
148
1
198
3
49
2
99
4
149
5
199
4
50
1
100
2
150
3
200
4
第35回管理栄養士国家試験　正答

 
第３５回管理栄養士国家試験の結果について 
 
 
令和３年２月28日  実 施 
 令和３年３月26日合格発表 
 
１） 合格基準 
  
   配点を１問１点とし、次の合格基準を満たす者を合格とする。 
総合点 １２０点以上／２００点 
 
２） 合格状況 
 
   受験者１６，０１９名 合格者１０，２９２名 合格率６４．２％ 
 
   （参考） 年次別受験者数、合格者数、合格率  
  
 
 
 
 
 
 
  平成２９年 
  （第３１回）   
  平成３０年 
  （第３２回）   
  平成３１年 
  （第３３回）   
令和２年 
   （第３４回）   
受験者数 １９，４７２ １７，２２２ １７，８６４ １５，９４３ 
合格者数 １０，６２２ １０，４７２ １０，７９６ ９，８７４ 
合格率 ５４．６％ ６０．８％ ６０．４％ ６１．９％ 
           
３） 学校区分別合格者状況 
          
  
 
 
 
 
 
 
 
受験者数 合格者数 合格率 
管理栄養士養成課程
（新卒） 
９，６４３名 ８，８０７名  ９１．３％  
管理栄養士養成課程 
（既卒) 
１，２７０名 ２４２名  １９．１％  
栄養士養成課程 
（既卒） 
５，１０６名 １，２４３名  ２４．３％  
 